width,length,height,orientation,wwr,wallInsulationThickness,roofInsulationThickness,slabInsulationThickness,u_windows,g_value,roofAbsorptance,flowCoefficient,wof,fixedShadingDepth,base_value,run_id
-0.025137698,0.21470416,-0.05318262,0.1309321,-0.73946875,-0.034324568,-0.006873889,0.009730361,-0.02863563,0.05667775,-0.048143197,0.0020507132,0.026186028,0.10098218,29.192196,run_1436
0.014786296,-0.13011055,0.07837562,0.108595476,-0.1023578,-0.018986586,-0.0193619,-0.023234723,-0.020463575,0.057366576,-0.027897842,0.001976239,-0.017940639,0.090948254,29.192196,run_1497
0.019494763,0.13629746,0.012685965,-0.026321372,0.19381145,0.03776613,-0.01959891,0.002538632,-0.0069261873,0.13271332,-0.025250908,0.0050067464,-0.012738441,-0.09437364,29.192196,run_0828
-0.00010451095,0.19835101,0.060518548,0.021571673,0.34583366,-0.010628106,-0.012986372,0.008449773,-0.024011116,-0.39828926,-0.040129658,-0.00063048553,0.0077591455,0.07719638,29.192196,run_1827
0.0010919642,0.045621175,-0.02783326,-0.06824593,-0.519725,-0.020309571,-0.02498786,0.009635932,0.0024595521,-0.22753571,0.061561324,0.00069493963,0.04555558,-0.05395294,29.192196,run_0840
-0.028217189,0.1492087,-0.058713865,-0.05389494,-0.4968706,0.039759193,-0.039579052,0.0064048246,0.018663157,0.030769758,0.016114857,-0.00012718441,0.023266835,-0.06165044,29.192196,run_0017
-0.008548877,0.1302337,-0.033390135,-0.21045698,0.43961298,-0.024157157,-0.022382969,0.004378834,-0.007652072,-0.10361736,0.029131057,-0.0016086714,-0.00943584,0.05428742,29.192196,run_0484
0.0070335506,-0.09349389,0.05732343,0.055183228,0.048583467,-0.018990813,-0.027567487,0.009893143,-0.0025814099,-0.5264804,-0.050224315,0.005023764,-0.0088506965,-0.056252845,29.192196,run_1327
-0.02818843,0.017736873,-0.0345416,0.016256375,0.031416714,-0.006219275,-0.026659666,0.00017399114,-0.007532652,-0.08023096,-0.019730354,0.0015617486,-0.008938252,-0.074555576,29.192196,run_1205
-0.011550705,0.1753014,-0.036256667,0.01812431,0.07201931,0.00035041856,-0.01740476,0.008685522,-0.0039277417,0.2423004,-0.034352493,-0.0028508275,-0.011904083,-0.12952176,29.192196,run_1811
-0.03329084,-0.13472456,-0.06962201,-0.13610055,0.073308274,0.02153321,-0.030134862,-0.029318647,-0.0071649663,0.12956455,0.018163823,-0.008048205,-0.011474862,-0.084633835,29.192196,run_0898
0.0012667964,0.17539866,-0.08572357,0.15661913,0.25971144,0.052457828,0.022765312,-0.010366909,0.00020566679,0.028316364,-0.04933984,0.004404184,-0.034698285,0.095269814,29.192196,run_0753
0.006903264,-0.066182815,0.054682888,0.0073731565,0.4334089,-0.020546114,0.114882074,-0.0016309911,0.0032847913,-0.2851013,-0.04658811,-0.0037940904,-0.01006693,0.026448468,29.192196,run_1657
-0.03541648,-0.14586172,0.071037956,-0.020552415,0.20691177,-0.0140553005,0.13387595,-0.018730279,0.0002575283,-0.28639758,-0.08313948,0.0014432871,-0.001106941,0.028097853,29.192196,run_0532
0.036558464,-0.019290797,-0.059497625,-0.0944565,-0.15731265,0.022198414,0.06508876,0.010699588,0.0220481,0.07916378,0.05394152,0.0051469253,-0.0061248066,0.018835017,29.192196,run_1697
-0.0009172755,-0.14328356,-0.07692053,-0.049468674,0.096819885,0.04354337,-0.01881224,0.012133458,-0.014534614,0.017101346,-0.03595682,0.0008733884,-0.019258425,0.012127083,29.192196,run_1049
-0.030547738,0.23613018,-0.05913349,-0.02534626,0.5019985,-0.018331276,-0.010035057,0.00948544,-0.0004496523,0.1613365,-0.033854887,-0.002684676,-0.014708761,-0.10462921,29.192196,run_0133
0.058286045,0.041932788,0.054139487,-0.013261145,0.09315326,-0.011129176,-0.023397688,0.0077038975,0.0026051446,0.19490746,-0.020463778,-0.0030512838,0.081463486,-0.09419826,29.192196,run_1290
-0.027975716,0.13276587,-0.0121056205,-0.051483367,0.06508574,0.024873476,-0.030992521,-0.005921593,0.0030441515,0.2529085,0.024768483,0.005720366,-0.024089256,0.0974138,29.192196,run_1693
-0.041851357,-0.034430563,-0.0646619,-0.005391873,-0.5397751,-0.031202534,-0.020450406,-0.0025738848,0.0033910198,0.38935733,-0.043780215,0.0017604267,-0.0033666287,0.08644602,29.192196,run_0263
-0.012487818,-0.060750984,0.06282067,0.05951096,-0.60353124,-0.035865292,0.06315656,0.006611123,0.02376492,0.1358548,-0.07221048,0.0033434574,-0.007656185,0.07962095,29.192196,run_1713
0.037480153,0.15650757,-0.07541295,-0.04412375,0.3860151,0.024856659,-0.0318699,0.008119,0.016155016,0.20677537,0.021796685,0.0006218791,0.0034850403,-0.13903041,29.192196,run_1887
0.034981217,-0.10924461,0.07479132,-0.11226145,0.014669807,-0.019684441,-0.014300996,0.0074598095,-0.0019238434,-0.53293705,-0.047235988,0.0014475271,-0.0186328,0.0055068173,29.192196,run_1695
-0.0012988229,0.13514966,-0.004961374,-0.03255412,-0.4253267,-0.0254757,-0.03792552,0.0045183776,-0.0031618832,-0.3270634,0.027585167,-0.00334716,0.009150952,0.053720664,29.192196,run_0426
0.03455483,-0.015043061,-0.0042349845,-0.022055412,0.3565795,0.020730393,-0.033092145,0.012984696,0.021060515,0.12143553,0.039425317,0.0021751863,0.0869065,0.11234601,29.192196,run_0791
0.040310428,-0.047837675,-0.0670922,-0.17910041,-0.47436342,-0.025988936,-0.015140803,-0.022472287,-0.0042583854,0.41569626,0.024447197,-0.004593083,0.016160961,0.122757494,29.192196,run_1287
0.021834228,0.16409934,-0.016783126,-0.019053819,-0.225358,-0.01836357,-0.02125055,-0.040846422,0.026312428,0.016875047,-0.015098111,-0.0072232024,-0.006287437,0.0640147,29.192196,run_1011
-0.012474494,0.004658629,0.06782413,0.12861705,0.38496664,-0.010242264,-0.0071402276,-0.0012550892,-0.0094194915,-0.004285395,-0.062032223,-0.0060429475,-0.004046821,-0.09727398,29.192196,run_1824
-0.040246934,0.02669801,0.026364647,0.012472414,-0.43662155,-0.018690145,0.15510634,0.008553505,-0.009193227,-0.26830417,0.058249142,0.0025894707,0.018637465,0.017027948,29.192196,run_0075
0.04366577,-0.0646826,-0.04794778,-0.10065669,-0.38099265,-0.009965551,-0.036965497,0.00650631,-0.016833287,-0.15678819,0.04492786,0.0014980898,0.023378583,-0.048853535,29.192196,run_0303
-0.045426704,-0.029330213,0.015080536,-0.038936283,0.5494035,-0.009999464,-0.026477758,0.0064989994,0.0048976066,-0.26077577,0.0122494865,0.0028094938,0.053144265,-0.0031247656,29.192196,run_0695
0.008670794,0.012246294,-0.047272712,0.12918375,-0.3959321,0.11554949,0.05596383,0.011879207,0.013723054,0.1225811,0.081784934,0.0010744773,-0.002836228,-0.13604517,29.192196,run_1582
0.006830338,-0.061431438,0.06059061,-0.015581029,0.21531104,0.013246476,-0.044764534,0.0029503512,-0.023338737,-0.22516626,0.03694248,-0.004893261,0.008904049,-0.13500051,29.192196,run_1231
-0.033281755,-0.040336676,0.04551611,-0.025967957,-0.71750516,-0.025969258,-0.02356204,0.007668072,-0.007411895,0.35425156,-0.029489601,0.0033867597,-0.0017076047,0.03616825,29.192196,run_1364
0.052630085,-0.11830848,-0.03298566,0.056680262,0.4657319,-0.013590579,-0.010334233,0.001477713,0.014601368,-0.16814856,0.03500253,0.0014672676,-0.01004753,-0.12741813,29.192196,run_0098
0.05735993,-0.12382997,-0.07670007,-0.029017838,-0.4127781,-0.005727172,-0.030997245,-0.017654601,-0.02012444,0.34140885,-0.024157807,0.0013903579,-0.018193876,0.08068867,29.192196,run_0154
-0.024694152,-0.041125994,-0.016640762,0.08718466,-0.28837577,-0.01387098,-0.018458221,-0.018162109,-0.009615226,-0.24630831,-0.06347964,0.0013519966,0.003848527,-0.0100043425,29.192196,run_1809
-0.034763172,-0.13515206,0.06395424,0.0053732884,0.05851234,-0.014586536,0.114037566,0.002766112,-0.023168728,0.31167415,0.004218687,0.00025703214,-0.016382609,-0.10930217,29.192196,run_0460
0.038820654,0.090665825,-0.049544614,0.12447463,-0.5850313,-0.03726254,-0.03402141,-0.001189075,-0.002513397,-0.15137164,0.059321683,0.00063787197,-0.0022475345,0.06260194,29.192196,run_1431
0.0040113195,-0.08859428,0.061990634,-0.17626518,-0.30980477,0.08940797,-0.03689283,0.0022394434,-0.020380365,-0.35964587,0.042418927,-0.0013089543,0.044960905,-0.0020996633,29.192196,run_0631
-0.03982266,-0.16945201,0.035971053,-0.17532255,0.1573318,-0.0158578,-0.015966728,0.0109250955,-0.016942251,0.42026916,-0.034282953,0.0012152503,-0.022531897,-0.0043490436,29.192196,run_1161
0.043884803,0.16657087,0.06660776,-0.06359278,0.219869,-0.014062596,-0.013533312,0.00549621,-0.0021528695,-0.12538537,-0.032078862,0.0031560762,-0.015882064,0.087839514,29.192196,run_0220
-0.040467102,-0.07344446,0.037779808,-0.0073154527,0.3554019,-0.011224693,-0.03846748,-0.0045218943,0.007600178,-0.32196245,0.017855112,0.005045383,0.0125719905,-0.08577065,29.192196,run_1967
-0.058536995,-0.04568074,-0.016445678,-0.07587889,0.55119455,-0.0109886285,0.17866784,0.008865354,-0.008355315,0.5263196,0.09107047,0.0038417988,0.051134292,0.11325249,29.192196,run_0132
0.02915311,0.18169089,0.020885328,-0.020469254,0.44045454,-0.008194369,-0.010981642,-0.008134545,0.0068841414,-0.5995544,-0.02240991,0.00057676603,0.026112685,0.0063122874,29.192196,run_1300
0.046580695,-0.12887454,0.04224864,0.0058756736,-0.19812053,-0.017731145,-0.030473262,0.0010125852,-0.007452156,0.12606266,0.028332978,0.0010943607,-0.00581125,0.075889334,29.192196,run_0686
0.034701545,0.011316954,0.056098502,-0.0947046,0.49999768,0.013956962,-0.031812433,-0.021222334,0.012878249,-0.018815264,0.022239897,-0.00093191885,-0.016924905,0.015189037,29.192196,run_0497
-0.02295532,-0.12845244,-0.029960351,0.054900657,0.21288483,-0.020165157,-0.0346609,-0.026719732,0.00094464666,-0.41881678,0.012189105,-0.0053900396,-0.002937374,-0.10735063,29.192196,run_0390
0.049684033,-0.10808717,0.07423667,-0.054868273,-0.27830824,-0.016244184,-0.028168192,0.0021026812,-0.0014986674,0.34545824,0.06189059,0.0007107631,-0.0068489485,0.06435445,29.192196,run_0454
0.049608428,-0.07551429,-0.07399842,0.17775929,0.3307902,0.006790768,0.048840567,0.0020563984,-0.0031641338,0.3638204,-0.06328429,0.0018402501,0.13194065,0.12728776,29.192196,run_0341
0.017322237,0.040786598,-0.03541042,0.034844507,-0.07863156,-0.024417613,-0.032766484,-0.0018008625,0.027155602,0.067139626,0.031150986,-0.004269489,-0.013486384,-0.1198432,29.192196,run_0340
-0.012254031,0.1244757,-0.01910126,-0.12601356,0.20711423,-0.0025226441,0.16720271,-0.021901788,-0.008799979,-0.5129135,0.02570984,0.0004150989,0.031866636,-0.048702482,29.192196,run_1046
-0.022065695,-0.14097643,0.025484664,-0.18616441,0.07901669,-0.011287594,0.08378133,0.0026769005,-0.0061574397,0.2727419,0.013459629,-0.003214544,0.01650129,0.005108602,29.192196,run_1556
-0.0048106527,0.11141474,0.015659215,0.12939999,-0.12735005,0.0140904775,-0.013268062,0.009014988,-0.011992524,-0.5797462,-0.052845284,-0.0042265025,-0.019895377,0.06540435,29.192196,run_1782
0.0060494985,-0.050803427,0.0625875,-0.0048325467,0.31836927,0.020391602,0.032381516,0.00730146,-0.0010204628,-0.45596278,0.05969168,0.0026673535,-0.008808372,0.105112575,29.192196,run_1736
0.033568412,0.16398881,-0.0906257,-0.03637926,0.35494053,0.04101077,-0.020072227,-0.015663344,0.012425637,0.47507218,0.011815788,0.0016056526,-0.040058523,-0.10400337,29.192196,run_0666
0.033314727,0.04662651,-0.021635227,-0.006043171,0.48197207,-0.015787002,-0.015438332,0.0067444975,-0.0049507073,-0.0073292796,-0.015982397,0.0014942063,-0.012060414,-0.095389426,29.192196,run_0166
0.023291947,0.11417119,0.00635475,0.0061036325,0.42703378,-0.018597065,-0.03463347,0.010828368,0.02432966,-0.66815364,0.040521912,-0.0015626145,-0.0055833105,-0.017729662,29.192196,run_1962
0.03807707,0.0311125,0.04269904,0.11504334,0.020984432,-0.013070108,-0.021904321,0.0013383601,-0.021281,-0.5154285,0.01463006,0.0051143924,-0.0064990497,0.0030163287,29.192196,run_1341
0.035819218,-0.039397553,-0.020731376,0.07281545,-0.19546011,-0.03291656,-0.016694427,0.01024564,0.016462872,-0.17321938,-0.045210004,-0.0021446918,0.009590914,-0.06521658,29.192196,run_0546
0.030844644,-0.06065529,0.059807025,-0.012612518,0.22153738,-0.008874255,0.10810083,0.0006291811,-0.011205012,-0.32018995,0.08345795,0.0010359997,-0.005718325,0.0716651,29.192196,run_1747
-0.041495204,-0.061783023,0.028195187,-0.042807505,0.49420658,0.015659554,0.045627274,0.009297171,0.0015690704,0.17523706,-0.048230395,-0.0021249843,-0.017964667,0.049302965,29.192196,run_1210
-0.015188316,0.11940169,0.0044990066,0.10954096,0.105801724,-0.012369857,0.0909963,-0.026378164,0.028195841,0.4404572,-0.0042453576,-0.008111224,-0.043582074,0.025929261,29.192196,run_1555
-0.033076964,-0.11898649,-0.06752556,-0.01438337,-0.15097049,0.036799725,-0.02450002,-0.032878194,0.0030405005,-0.21578363,-0.045782518,-0.00640257,-0.012694658,0.0060284766,29.192196,run_0395
-0.03294085,-0.11876526,-0.07160041,-0.14865708,0.24586886,-0.022806663,0.068149395,0.011366954,-0.0031480896,-0.32839707,-0.07192719,-0.00022367806,-0.017402915,-0.06562302,29.192196,run_0752
0.003947997,-0.07677499,0.06561069,0.0259124,0.4757865,-0.015287903,-0.018871054,0.0044402946,-0.03774899,0.07051388,-0.047055174,0.00074295356,-0.0045036334,-0.17637561,29.192196,run_1305
0.010662155,-0.047693543,0.018990261,0.14731534,0.40085503,0.06882465,-0.031960495,0.009286739,0.0045664045,-0.6350659,0.04015859,0.0010584301,0.04296361,-0.07520154,29.192196,run_1690
-0.010041593,0.17879908,0.024052491,0.11737035,0.51098794,-0.014635437,-0.009948445,-0.02595497,0.016081685,-0.60735625,-0.043610934,-0.0041168146,-0.008786118,-0.08060048,29.192196,run_1663
0.0067899097,0.21400383,0.017473323,-0.14938854,0.3938456,-0.013156475,-0.028451841,0.01155771,-0.024253152,0.318125,0.04392755,0.0005537737,-0.018949538,0.11006657,29.192196,run_0731
-0.047399543,-0.122952215,0.07229283,0.11851189,0.3689467,-0.015930548,-0.029062461,-0.0051530837,-0.020749904,-0.10303986,0.057767894,0.0021358242,-0.018767372,-0.13956118,29.192196,run_0230
-0.039308403,0.030251333,-0.018198831,-0.13177556,0.49140543,-0.016881667,0.024343109,-0.027446238,0.030469093,0.16241755,0.055652276,0.0024275114,-0.019871294,0.06670591,29.192196,run_1550
0.014759188,-0.0074346988,0.062716134,-0.18945283,-0.3093083,-0.017403312,-0.03795788,-0.021427602,0.023612503,0.285475,0.031352885,0.0012714716,-0.008637,-0.10353223,29.192196,run_0223
0.016409779,-0.058482364,-0.043903146,0.003368033,-0.556059,0.03237604,-0.026066564,0.010656448,0.00573353,-0.09469974,-0.05251992,-0.0044744336,-0.0003388846,-0.108779505,29.192196,run_1924
0.056616303,-0.078646086,-0.034712784,-0.13902736,-0.3772443,-0.023430483,-0.018697696,0.0043203286,0.002933411,0.03572632,-0.048393823,-0.0010609971,0.0037485207,-0.053733613,29.192196,run_0542
-0.042767376,0.03112132,0.028368002,-0.014063798,0.052584153,-0.016420433,-0.0346085,-0.0006883786,-0.029397678,0.12850209,0.026683096,-0.0029414908,-0.0062369993,0.018525878,29.192196,run_1122
0.012456239,0.029056598,-0.06794929,0.034399446,-0.14465763,0.05743493,-0.012840025,0.008784311,0.03233458,0.21965358,0.049247753,0.001425027,-0.023879189,-0.15555231,29.192196,run_0486
-0.04590252,-0.119339965,0.05814026,0.06067587,0.5022599,-0.012092234,0.03318501,-0.015364024,0.0028124733,-0.1949138,0.052850507,0.0067113996,-0.009659731,0.09757667,29.192196,run_1169
-0.026948515,0.15578759,0.024036413,0.14720263,0.3530677,-0.016451076,0.07582979,0.0068705827,-0.0010200465,-0.42693904,-0.00081524387,0.0019763026,0.06671947,0.08797704,29.192196,run_1564
0.027232924,-0.09087672,0.055234846,-0.032911457,-0.26997715,0.020763192,0.004863914,0.007691971,0.0029853138,0.14211394,0.009513925,0.0018243364,-0.010631748,0.069542944,29.192196,run_1331
0.0066258195,0.16953978,0.058674626,0.042640895,-0.4704922,0.110855594,0.07454811,0.0018541063,-0.0059128306,0.335237,-0.06331243,-0.003378606,-0.018357258,-0.12453132,29.192196,run_1987
-0.018607993,-0.14440002,0.023448661,-0.14094923,-0.69488555,0.101510264,-0.04142762,0.010838636,-0.005037183,0.38382575,-0.000342359,-0.001006916,-0.011033124,-0.0020688912,29.192196,run_0474
0.04879022,-0.08715599,0.072299905,-0.014769092,0.44684973,0.008734826,-0.02702882,0.007411439,-0.0056939377,0.51568377,0.021670273,-0.004007868,-0.022568094,-0.10654352,29.192196,run_1494
0.0032819947,0.024395423,-0.057837587,-0.08615556,-0.03281374,0.06796385,-0.03392345,0.00968649,-0.021712488,-0.1826839,0.043036934,0.00032747744,-0.01134717,-0.087884,29.192196,run_0122
-0.025801994,0.022815464,0.010079897,-0.04447001,-0.20099153,0.037978947,-0.044616785,0.0013842329,-0.019228796,-0.20322056,0.04478744,-0.00019666944,0.011400753,0.06292039,29.192196,run_0035
-0.031315695,0.14987679,0.036150955,-0.07962308,-0.57698405,-0.028163305,-0.029758804,0.0010891566,-0.00054496643,0.19797781,0.02356832,0.00056690717,-0.0010869591,-0.056478743,29.192196,run_1877
-0.05082906,0.029167308,0.030923199,0.11543976,0.4564003,-0.010357888,-0.027733479,0.010317377,-0.002459416,-0.10120756,0.041098736,-0.004689139,0.019681998,-0.17928289,29.192196,run_0432
-0.049614817,-0.11847958,0.057992782,-0.17673787,0.2599975,-0.010479724,-0.0115498025,-0.01304762,0.025403673,0.2344287,0.01850314,-0.0048671644,-0.0136819305,-0.177584,29.192196,run_0077
-0.04214034,0.058345836,0.012984727,-0.21727242,0.44501364,-0.0143259065,-0.01918778,-0.020694513,-0.030193368,0.017130578,-0.01899446,-0.0045832223,-0.009805817,0.0037655565,29.192196,run_0595
-0.036988005,-0.02573205,-0.047226597,0.10356472,-0.5022875,0.034380585,0.028620964,0.008587637,-0.022986857,0.21396698,0.032019164,0.003447007,-0.01284492,0.07199852,29.192196,run_0931
0.015095001,0.2056741,-0.017741652,-0.19131392,0.08895666,0.0060568713,-0.017321097,-0.03531808,0.025562793,0.14134265,0.047523197,0.0031359086,0.012529425,-0.07478884,29.192196,run_0186
0.043460708,0.025670076,0.050313525,-0.17344494,-0.3829079,0.028731886,-0.0063264226,0.008194357,0.024798367,-0.097392105,-0.0418371,-0.0024008134,0.0034607253,-0.09335807,29.192196,run_0178
0.018979305,-0.07838723,-0.047703076,-0.020308485,-0.14291872,-0.010822058,-0.030717894,0.009138709,-0.021897925,0.2541161,0.038285945,-0.00068360777,-0.01038307,0.021387704,29.192196,run_0549
-0.0052946606,-0.14818679,-0.07384446,-0.050454248,-0.0035226315,-0.011672338,-0.021275826,0.009798554,-0.0040084734,0.13471483,-0.028829938,0.0017315812,-0.009731812,0.016523344,29.192196,run_0558
0.0064415867,-0.14430855,-0.07261424,-0.124051385,-0.4908788,-0.0037961642,-0.026815174,-0.012417393,-0.020024255,0.22122228,-0.041355442,-0.0009000441,0.003541454,0.0903447,29.192196,run_1112
0.021328304,-0.10104984,0.06223727,0.018293325,0.5241518,-0.011772163,0.13412084,0.007068548,0.0011002615,0.45161006,0.09245696,-0.002773883,-0.0013911683,-0.18362764,29.192196,run_1043
-0.04437299,0.09316677,0.0813761,-0.0037914068,0.15523219,-0.0068264487,-0.015778707,-0.019642558,-0.00609686,0.28493887,-0.03772749,0.009713198,-0.018415319,0.1163425,29.192196,run_0025
-0.038839396,0.047627363,-0.009723485,0.076697044,0.17324586,0.019769425,0.18328714,0.0023958362,-0.0008296184,0.117630646,0.0806926,0.0042760633,-0.023827335,-0.17397843,29.192196,run_1840
0.04117579,0.062293895,-0.095702134,0.052408792,0.5719418,0.037078332,-0.006221591,-0.00797604,0.012391532,0.5624118,0.025448147,-0.0046032765,-0.034885358,0.12684596,29.192196,run_1467
-0.009213337,0.14724204,-0.04780524,-0.012395713,-0.73075205,-0.026593836,-0.022653572,0.0036660023,-0.022926139,0.36591518,-0.027653618,0.0015796598,0.0004220859,0.07280827,29.192196,run_0717
0.04873701,0.0792386,0.044897128,-0.19680999,0.40900487,-0.015455405,-0.013261341,-0.0042164586,-0.022498626,0.029733459,-0.016621139,-0.0024019096,-0.012027854,0.03778294,29.192196,run_1298
-0.019361852,-0.108458064,-0.05884002,0.13954668,0.0308786,-0.022263201,-0.044860896,-0.0034814044,-0.001676571,-0.4833396,0.026427273,0.0014093737,-0.00054331287,-0.06317222,29.192196,run_1587
0.007909595,0.18762171,0.043673586,-0.059117768,0.30981365,-0.01326988,-0.025766741,-0.019906942,0.019173479,-0.074678086,0.005386245,-0.0029917003,-0.012501439,-0.06870483,29.192196,run_1442
-0.041277543,-0.085538365,-0.07116302,0.09832856,0.020084066,-0.004375173,0.056826346,0.0059834872,-0.00665782,0.35157833,-0.07979784,-0.00014881924,-0.029824413,-0.1723388,29.192196,run_0031
-0.04172478,-0.10488215,0.02251658,-0.035553202,0.025923654,0.047255963,-0.031513654,0.009428357,-0.0061012185,0.19467445,0.016420027,-0.004131745,-0.009111044,-0.15470967,29.192196,run_0261
0.05860903,-0.11695135,-0.027641954,-0.009581983,0.51402384,-0.011347291,-0.016082799,-0.023055224,0.014903459,-0.35219142,0.013919574,0.0022269834,-0.0029666817,-0.10134052,29.192196,run_1660
0.00044930412,-0.060634308,-0.0055260924,0.04639073,-0.2973448,-0.028332356,-0.028899083,-0.0016156512,0.0026070082,-0.19103575,-0.0034580952,-0.003290295,-0.0030555828,0.017244635,29.192196,run_0348
3.9254297e-05,-0.15360136,0.013692107,-0.15807167,0.09435606,-0.021027572,-0.030560413,-0.0288813,0.03296737,0.12220921,0.013688058,-0.008576444,-0.001847809,-0.14707048,29.192196,run_0441
0.0018692049,0.074025996,0.009529383,-0.00080543326,-0.5862197,0.055583343,-0.033237357,-0.0058978884,-0.01149632,-0.13384427,0.041877374,0.00047317348,0.020405592,0.009719729,29.192196,run_0250
-0.032592118,-0.036539022,0.006556468,0.037210375,-0.5457076,-0.030683808,-0.05774605,-0.0040071746,0.010418233,-0.38453934,0.026323194,-0.0068694726,-0.0007355246,-0.047338944,29.192196,run_1911
-0.047205284,0.063847825,0.02969413,-0.0037127063,0.12884422,-0.0169502,-0.02075414,0.008123312,-0.026626246,0.019190475,-0.022038873,-0.0045365435,0.0055691837,-0.15142338,29.192196,run_1246
0.046495598,-0.1239041,0.038753416,-0.18848273,0.42252752,-0.007963548,-0.020133171,0.0061590616,-0.0034239676,-0.3246991,-0.02563204,0.005437052,0.0056221434,-0.0831484,29.192196,run_0378
-0.019396676,-0.047087017,0.010625531,0.07730503,0.30138147,-0.010145571,-0.041356146,-0.009344831,0.01170365,-0.6633367,0.018894698,-0.0014228227,-0.0033124466,-0.07448313,29.192196,run_1353
0.018675348,0.034464914,-0.07083602,-0.05588965,0.37049422,0.037891936,0.045433432,-0.03491962,-0.003353337,0.31532532,-0.014206858,-0.0081574535,0.025900556,0.10805442,29.192196,run_1110
0.03560326,-0.13518584,0.07177543,-0.19700553,0.025576314,-0.015915152,-0.028744118,-0.017328965,0.03838546,-0.0027734558,0.0063606603,-0.00554028,0.041701704,0.033008017,29.192196,run_1453
-0.006994299,-0.09927009,0.061856713,0.024492502,0.026560025,-0.02035714,-0.025534296,0.009814259,-0.0009910985,-0.24605577,-0.01864407,-0.00329925,0.0041832086,-0.10886572,29.192196,run_1401
0.057762723,-0.060928162,0.042023804,0.13066107,-0.7904053,-0.03321846,-0.023257438,0.008775247,0.00450858,0.22174506,-0.044097565,-0.0023926385,-0.0103394035,-0.102642775,29.192196,run_0530
-0.030031526,-0.06024861,0.038124524,0.09907187,0.3069435,0.007099338,-0.01619397,-0.004859353,0.01923094,0.42847198,-0.04313505,0.002170031,-0.037427552,-0.21978348,29.192196,run_0086
-0.01822951,0.23767482,-0.008764241,0.14046353,0.49959648,0.059553705,-0.01062261,0.010701687,0.018806955,-0.10490165,-0.028740574,-0.0038482165,-0.018425096,0.010183606,29.192196,run_1574
-0.022747146,0.13639715,-0.04715993,0.0031964297,-0.006160732,0.018251425,0.249564,0.008257235,0.006087322,-0.080897,0.07898206,0.00829825,-0.006986112,-0.07327967,29.192196,run_0924
0.05138456,0.035456937,-0.059038877,-0.22010781,-0.5103892,-0.022078555,0.11584503,-0.011848753,-0.023332331,0.13690254,0.06259865,5.2986943e-05,0.004410687,0.036357984,29.192196,run_0059
-0.039647415,0.03229796,-0.07367815,0.14868397,0.099490836,-0.027291346,-0.01844174,0.0082022,-0.013371808,0.11372744,-0.018754167,-0.0009912814,0.032532588,0.14073908,29.192196,run_0711
0.027503306,0.12705265,0.012904104,0.027301198,-0.0014118608,0.019741284,-0.03579015,-0.029790562,-0.020114781,-0.49985927,-0.008514155,0.0002923175,0.009233179,-0.049326085,29.192196,run_0875
0.009708813,0.03634627,0.07408191,0.041226637,0.13768163,-0.005494553,-0.017320227,-0.010473968,0.018472224,0.27956584,0.05002922,0.0022884288,-0.028190376,-0.18692325,29.192196,run_0925
0.022451473,-0.11790265,0.017593611,0.04982723,0.116808854,-0.013428948,-0.0367817,-0.011398609,-0.0023967968,-0.30923077,0.029761555,0.003491788,-0.011864957,0.08762824,29.192196,run_0528
0.0063278936,0.13049558,-0.051038567,-0.0767878,0.23440573,0.028559767,0.12989001,-0.028276615,0.008050136,-0.29788262,0.05216324,0.00024562373,-0.014036674,0.059878964,29.192196,run_1304
0.045752767,-0.1120026,0.073787466,-0.0414188,0.15384877,-0.016134165,-0.024567327,0.0065920018,-0.006651737,0.08962509,-0.027202899,0.0045657577,0.060952645,-0.10515518,29.192196,run_0608
-0.027997538,-0.14215165,-0.033207875,0.20240149,0.6352719,0.051014528,-2.0767693e-05,0.011736565,0.0018358673,0.34917554,0.028214585,-0.0008570105,-0.04018233,0.1619808,29.192196,run_0929
0.022654727,0.040215597,-0.076928414,0.10431826,0.42009652,0.024826739,-0.012077453,0.011004513,-0.0028440645,0.31535056,-0.04316504,0.00041192205,-0.02726396,-0.18441038,29.192196,run_0572
-0.0077227023,-0.061306793,-0.05798792,-0.15070432,-0.22103599,0.066996455,-0.031478267,-0.02081482,-0.011795171,-0.08532268,-0.0017252872,0.0012691987,0.0033427305,-0.085241176,29.192196,run_0405
-0.044704285,-0.11818752,-0.033896767,0.052107852,-0.29949272,-0.025887834,-0.028961657,0.008842506,-0.0034194852,0.118637495,0.0021106,-0.0055717626,-0.0063372585,-0.09873211,29.192196,run_1429
0.030139634,-0.10992848,-0.012303702,0.048608985,-0.645363,-0.026222413,-0.02143351,-0.0013515188,-0.0007142575,0.011189892,0.057835843,-0.0025193559,0.0037531233,0.050153214,29.192196,run_0308
0.010227601,-0.119344585,0.026313901,-0.013984571,-0.1296569,-0.0246128,-0.04135955,-0.02427074,-0.0036995537,-0.12543346,0.046167243,0.004131588,-0.0081168935,0.073545724,29.192196,run_0949
-0.033140384,0.17321488,-0.033654667,0.10494797,0.20919707,-0.018485423,0.044054035,-0.013967814,0.021070976,-0.065650955,0.0019786505,0.0019236542,-0.005352077,-0.15802985,29.192196,run_1359
-0.028615797,-0.059799094,0.013692303,0.11867087,0.04161071,-0.018918762,-0.0033016438,-0.004646314,0.043804627,0.4250334,0.054301348,0.001659808,0.05340455,-0.20221154,29.192196,run_1683
0.05285472,-0.07786685,-0.009412261,0.0039013242,0.31142718,-0.006729902,-0.015244408,0.0075872,0.019001748,-0.022458537,-0.0364386,-0.0021256509,-0.017427888,0.103091344,29.192196,run_0610
0.040338125,-0.034125622,0.011530142,0.14382541,-0.48790693,-0.026540574,-0.02559395,0.007849529,-0.019136017,0.028428102,0.022727981,-0.0014703202,-0.008003978,0.09642725,29.192196,run_1495
0.047658477,0.1612371,0.038202584,-0.09303859,0.20553622,-0.013177583,-0.029163029,0.0010731083,-0.0042749844,0.14581072,0.014113883,0.0029651297,-0.018454606,0.08288432,29.192196,run_0705
0.04900141,-0.14065704,0.026278364,-0.21964648,0.09644624,-0.017090917,0.027404334,-0.0066130757,-0.025679328,0.41523996,-0.06284805,-0.0040074904,-0.024686702,0.09898797,29.192196,run_1404
0.039902486,0.05953407,0.014418486,-0.017997004,0.13358526,0.018544283,-0.019065697,0.00999297,-0.0027943496,0.1516234,0.007036504,-0.0028152277,-0.019311342,0.024073819,29.192196,run_1483
-0.04228904,-0.02320689,0.014217708,-0.17117679,-0.116374195,0.075359024,-0.036602557,0.008503427,-0.029823784,-0.2347018,0.009929334,-0.00059787487,0.02699182,-0.13122673,29.192196,run_1239
-0.02693178,-0.1022899,-0.010797539,0.009166674,-0.12985973,-0.02556871,0.105963424,0.00097619696,-0.0025655376,-0.4190625,-0.059578653,0.0013129202,0.032622147,0.010520438,29.192196,run_1197
0.02106362,-0.12015979,-0.06195421,0.13664004,-0.04689128,0.016130153,-0.018600294,-0.0040561287,-0.004487986,0.35898602,0.06450274,-0.005115878,-0.0315859,-0.18042763,29.192196,run_0578
-0.023244087,0.18469208,0.067276016,-0.104388334,-0.55100685,-0.027066905,0.0012813135,-0.016852405,0.008642531,-0.0058088307,0.06061185,0.0011322561,0.005568299,-0.07328677,29.192196,run_0671
-0.0047052167,0.09399409,0.010134534,0.07444343,-0.34402692,0.010539038,-0.023862157,0.0023048979,-0.0037095915,-0.18575123,0.028701032,-0.004058992,-0.0054621254,0.06494947,29.192196,run_0968
-0.0115035465,-0.14172134,-0.040723443,-0.011971419,0.2385502,-0.0050283615,-0.024925927,0.0057523716,0.02427715,-0.21855554,-0.03341944,0.005536092,-0.005668236,0.021375822,29.192196,run_1645
-0.00092673604,-0.104785874,-0.06848853,-0.0044933325,-0.3438748,-0.026063599,-0.04257178,0.010563955,0.03969665,-0.21005541,0.06597706,-0.007018235,0.03052885,-0.08903631,29.192196,run_0716
0.009314158,-0.1279827,0.025535079,0.14496697,-0.15335202,-0.022945976,-0.03445991,0.009443211,0.036828183,0.46865842,0.038848564,0.0081355395,0.02797714,-0.029055249,29.192196,run_0849
0.003851988,-0.00811895,0.05735412,0.025940508,-0.16957942,0.058572553,-0.012227339,0.0045999754,-0.009435852,-0.080088146,-0.025652224,-0.0042028143,-0.008155275,-0.13571033,29.192196,run_0326
-0.027350176,-0.057680674,-0.048684325,-0.033916425,-0.44422626,0.07922407,-0.021029713,0.008315735,0.001121156,0.36988196,-0.03991237,-0.0008653321,-0.006293115,0.108846895,29.192196,run_1258
0.021740017,-0.113917105,-0.04641839,-0.024617838,0.2516094,-0.018124618,-0.031727247,0.0044745323,-0.02128331,-0.20842858,0.03744384,-0.00045695988,-0.0012634955,0.016875988,29.192196,run_1636
-0.016946249,0.08328161,0.015870977,-0.011050199,0.4444691,-0.013920621,0.0798645,0.0065990137,-0.024093803,-0.3741231,-0.034199905,0.0023558252,-0.012554572,-0.14390837,29.192196,run_0723
-0.022646762,0.03262776,0.044209495,0.032016777,-0.40849403,-0.031182285,-0.031022739,0.0046161157,-0.019086402,-0.4321449,0.028504316,-0.0013939328,-0.020406738,0.036349088,29.192196,run_0533
0.0011390881,0.17414741,-0.01311079,0.017373994,0.20641787,-0.012625667,-0.033326663,0.00046364358,0.0057697096,0.2262408,0.022291701,3.3613247e-05,-0.025489792,-0.08686311,29.192196,run_0903
-0.02346864,0.1433214,0.031914636,-0.058656886,-0.3692819,0.038163517,0.022153888,0.0020620795,0.007371322,-0.20864299,-0.042075966,0.0006047582,-0.012197676,0.0745225,29.192196,run_0612
0.034212746,0.16138656,-0.03830434,0.077087656,0.0707196,0.022016779,-0.030414112,-0.010901893,-0.019239299,-0.22668132,0.027819326,-0.0043264227,-0.014055429,-0.1406815,29.192196,run_1052
-0.010031624,0.023717105,0.05503678,0.12953411,0.027683381,0.07197187,-0.018747367,0.005256815,-0.0060144397,-0.5396574,-0.014259169,0.0023237113,0.03797305,0.07089603,29.192196,run_0754
0.023147723,0.16286336,-0.06131556,-0.01678975,0.38301107,0.004431224,-0.016465317,0.00898756,0.039745126,0.42596343,-0.01366583,0.00077646284,-0.03355141,-0.10856532,29.192196,run_0744
0.0021593135,-0.14461948,0.06443196,0.121444255,0.04912483,-0.022156717,0.0022121787,-0.004714677,-0.0019775885,0.28479156,0.002205133,-0.004907108,-0.02420451,-0.113415994,29.192196,run_0066
0.019007863,0.039761413,0.048770778,-0.11434859,0.04747182,-0.017230187,-0.017158948,-0.008404833,0.03572823,0.2958934,-0.03597293,-0.0029629406,-0.018072901,0.14115535,29.192196,run_0835
2.1988308e-05,-0.055243365,0.010207737,0.10347193,-0.61031836,-0.033833433,-0.04056568,0.007868199,0.012715503,0.08614034,0.027586248,0.0029297709,0.0036330877,-0.10006615,29.192196,run_1171
-0.03678666,-0.014038718,0.028198533,-0.20319183,-0.2603677,-0.008279153,-0.022580039,0.009161734,-0.006670376,0.27652985,-0.024724223,0.004471404,-0.0090365745,-0.08225812,29.192196,run_0960
-0.050047867,-0.093880236,0.04951649,-0.008756986,0.28889632,-0.008959768,-0.010464151,0.009235323,0.0073427674,-0.088980645,0.019173162,0.0012297228,-0.010227564,-0.110973254,29.192196,run_1553
0.013165275,-0.020076543,0.06738045,0.005657817,0.6383917,-0.01767116,-0.013013461,-0.0011541311,-0.017984653,0.6034663,-0.0014372007,0.003683517,-0.016952321,0.16027269,29.192196,run_0958
-0.0014284328,0.0054835,-0.04234928,0.1299325,-0.48550344,-0.036579255,0.0362124,0.00925766,0.0014390764,0.1812941,-0.069562614,-0.0025297191,-0.010935871,0.0025133188,29.192196,run_1106
-0.020772208,-0.15167676,0.038975902,-0.10782661,0.28935033,0.010644783,-0.040708084,0.010491564,-0.023700187,0.39360037,0.03142416,-0.00053326244,-0.0199127,-0.012014839,29.192196,run_1654
-0.042242575,0.02381639,-0.028969446,0.070512,0.2954662,-0.021614235,-0.025817353,-0.01068936,-0.02046843,-0.49936017,0.038008593,-0.004934335,-0.010551422,-0.11398229,29.192196,run_1299
0.02046141,-0.07066381,0.018208373,-0.02178004,-0.64714485,-0.022265967,-0.029378774,0.008877986,-0.026112212,0.43055525,-0.012077597,-0.0026730632,0.0025289592,0.068169996,29.192196,run_1127
-0.032577313,0.04311091,0.023483202,0.12225276,0.08211282,0.06350783,-0.014395027,0.0051500984,-0.0018054936,-0.09154526,-0.02892883,0.00039349124,-0.015543345,0.10071067,29.192196,run_1167
-0.03573188,0.044557523,-0.058719713,-0.10156852,-0.21351062,0.030142885,-0.015465649,-0.005812332,-0.0070547946,0.065144144,-0.039239652,0.005451148,-0.005534676,0.005493345,29.192196,run_0908
-0.030223835,0.024483716,0.053786892,0.10004323,-0.13518786,0.012867029,-0.004241526,-0.0015748995,-0.009455589,-0.21461836,-0.037298784,-0.0017044926,-0.012018975,0.006253743,29.192196,run_1162
-0.032785557,-0.06431143,0.025588041,-0.00598718,-0.012356265,0.0014677728,-0.022190101,-0.00011052251,-0.031170638,0.33776304,-0.025979154,-0.0001769648,-0.020072741,0.02274817,29.192196,run_0836
-0.03720692,0.036071427,0.045970485,0.0030647365,0.44745442,0.040852167,0.14902343,-0.0042124116,-0.020812284,-0.4970908,0.012687552,0.002165939,0.037216865,-0.050609943,29.192196,run_0334
0.010024727,-0.09703844,0.023052175,-0.20736788,0.43563014,-0.017738322,0.09037532,0.012951185,0.0062144953,-0.50491065,-0.053762212,-9.6798794e-05,0.02405017,-0.040474232,29.192196,run_1545
-0.040866576,-0.12560198,0.023032088,0.021636045,0.3629626,0.0003653086,-0.047339845,0.00944323,0.003845589,-0.027210465,0.048820484,-0.00019971133,0.01679386,-0.11968214,29.192196,run_0040
-0.06251609,-0.127592,0.06923919,0.14715332,0.6050952,-0.013979007,-0.030219426,0.009630082,0.04690095,0.5594929,0.04439325,0.0030087607,-0.0020122535,-0.0068555395,29.192196,run_0011
0.044910144,-0.05856958,0.038942397,0.049844395,0.25991336,-0.016822658,-0.015058153,0.0042902203,-0.0020900927,-0.55665773,-0.038934022,-0.0023907826,0.0055749323,0.0847589,29.192196,run_1766
-0.026541537,0.036552798,0.016327366,0.03381741,0.036861263,-0.013173853,-0.0137643935,-0.00693001,0.047579117,-0.06905225,-0.01756017,-0.0003888116,-0.0006892133,-0.1531829,29.192196,run_0672
-0.0012460512,0.1791992,-0.027850294,-0.22245778,0.42821503,0.029409844,-0.023473604,-0.004956038,-0.005140777,-0.65239036,-0.0016336904,-0.00066538336,-0.023574797,0.015563127,29.192196,run_1530
0.00048516158,0.10020108,-0.036251076,-0.1819892,-0.342577,0.065289184,-0.023063408,-0.003537505,0.038114674,0.2676911,-0.001227835,0.00051772036,-0.0033812348,0.08072716,29.192196,run_1848
-0.003810626,0.14105515,0.063776165,-0.0120777525,-0.3988924,-0.02520761,0.00090756535,-0.0012197089,0.00019435023,-0.11896622,-0.04188836,0.0009699929,0.0024221896,0.0145023195,29.192196,run_0219
-0.029616762,-0.09396513,0.036045525,-0.14445856,-0.14029403,0.05541926,-0.02118067,-0.03761693,-0.023781443,-0.20287457,-0.057217162,0.0016910583,0.011250072,0.06646636,29.192196,run_0594
-0.039672773,-0.10474779,0.0146630155,-0.061117854,-0.66318345,-0.027934622,-0.04000374,0.0075780842,0.0075291856,-0.01137407,0.046470337,-0.0037560298,-0.0034466998,0.07458322,29.192196,run_1744
0.013835609,0.113573894,-0.06282457,0.07538695,-0.26027176,-0.031561308,-0.016194483,0.007859482,-0.0024219465,0.46695876,-0.010131734,-0.004577461,-0.022422036,-0.040591408,29.192196,run_0724
0.026628362,-0.079586156,-0.03381488,-0.09108278,0.48949516,0.024381002,0.008335015,0.0059625264,0.00388893,0.15713377,0.04370592,-0.0014086161,0.0014598211,-0.11530652,29.192196,run_0329
-0.035738375,0.037798654,0.061197016,0.058359087,0.34637445,-0.018182775,-0.0032050088,0.006970703,-0.02564213,0.54910326,0.004745408,0.0019620354,-0.04176407,0.092134856,29.192196,run_1889
-0.0020382197,-0.17284599,0.033470545,-0.04647542,0.4047036,-0.0128967995,-0.015595849,0.005848745,0.031074379,-0.14785288,-0.043583177,0.0018668247,-0.0054030158,0.024726043,29.192196,run_0316
0.0033033784,0.04957995,0.015046821,0.15621966,-0.23581223,0.09717784,-0.008595212,0.008569714,0.017201586,-0.28123143,0.040182922,0.0011090431,0.030024689,0.052408136,29.192196,run_1185
0.023266898,0.050917614,-0.04267708,-0.018427035,-0.10471958,0.003322009,-0.022079252,0.00896037,-0.0028747933,-0.26445404,-0.0284921,0.0025315576,-0.006612936,0.02405986,29.192196,run_1033
0.03259708,-0.09745159,0.04350424,0.028930997,0.26084748,0.020388953,0.09819718,0.012491512,0.014963154,-0.5219911,-0.087705076,0.00097095384,0.0074730134,-0.11627498,29.192196,run_1040
-0.02249623,0.022250311,0.04594454,-0.032437846,0.12302272,0.022186078,0.12213669,0.0011599953,0.005374785,-0.5059752,-0.04545965,-0.0004133521,0.01145994,0.0074282107,29.192196,run_0479
0.035516616,0.033375163,-0.014127317,-0.011046361,0.5624452,-0.0025908502,0.1413358,0.010366545,0.024882505,0.4551767,0.072648264,0.0038544077,-0.05157741,0.11383584,29.192196,run_0367
0.055701867,0.040252242,0.051219825,-0.050224293,-0.5576646,-0.0027005866,-0.021771235,0.006013113,-0.0025943283,0.09942507,0.014836459,-0.0030306883,0.0020570008,0.06648943,29.192196,run_0751
0.033076525,0.120772175,-0.038275,0.018265788,0.18013862,-0.027212385,-0.011960561,-0.002095666,-0.0024588692,-0.52530235,-0.033605028,-0.0031140703,-0.022433426,-0.12206084,29.192196,run_1952
0.009885617,-0.12357799,-0.038579967,-0.17756674,0.071717985,-0.022465164,-0.026391068,0.0073083914,0.019796822,-0.13777857,-0.0356345,0.0018083062,-0.0025144229,-0.06277088,29.192196,run_1459
0.02166231,-0.039939575,0.017206402,0.015129553,0.07620528,-0.007776978,-0.010945356,-0.002553956,0.014388988,-0.5241463,0.015631368,0.0013247732,0.003999413,0.067061424,29.192196,run_0311
0.0021562772,0.022884745,0.054588314,0.03542431,0.35419086,0.018155154,-0.01922767,-0.0038366944,0.006794087,-0.55369043,-0.036841106,0.008096224,0.018233636,0.09493652,29.192196,run_1155
-0.03941865,-0.09152494,-0.044600066,0.0112386,-0.5545454,-0.028636739,0.11087353,-0.024308959,-0.0007968671,0.092037864,0.035729416,0.0020364546,-0.008715034,0.064617224,29.192196,run_0598
0.06065363,0.02057247,0.055585545,-0.038980603,-0.23824346,-0.009707042,-0.035108972,0.006167579,-0.005272654,0.13835642,0.008976058,0.00034052262,-0.01114895,-0.09595369,29.192196,run_0359
0.037785143,-0.12555417,-0.04629501,-0.07473401,-0.2907968,-0.022984328,-0.02195905,0.009127778,-0.0023131303,0.30551738,-0.03324336,0.0005610712,-0.013366835,0.044494938,29.192196,run_1256
0.01181663,0.18646298,0.053901445,-0.20263824,0.44234094,0.04338198,0.002970637,-0.00031910557,-0.018695468,-0.26727793,0.015647037,0.0013060488,-0.0046546217,0.015620154,29.192196,run_1907
-0.014602319,-0.052082572,0.056238193,-0.18137339,-0.29740906,-0.03296203,-0.04711738,0.0060381726,0.04070813,-0.45795828,0.015733322,-0.007615446,-0.01895491,0.008769707,29.192196,run_1147
0.013979229,-0.1232308,0.020397654,0.09162402,0.094750196,-0.016063271,-0.027062949,0.011643582,0.025554974,-0.32086292,0.018638302,-0.0032756918,0.011346503,-0.0129051,29.192196,run_0928
0.048110805,-0.03970955,-0.026783269,0.08406002,-0.17856914,-0.022847528,-0.023780076,-0.010274325,-0.002469629,0.12399626,0.004723389,4.008606e-05,-0.011753622,-0.12388193,29.192196,run_1071
-0.022308521,0.22809845,0.07659106,0.067996636,0.15789482,-0.021341652,-0.015695058,-0.0147592975,-0.0033064408,0.11787793,-0.014802167,-0.005924886,0.09204417,0.10586886,29.192196,run_1039
-0.035832535,-0.087988764,-0.020188855,-0.12659605,0.23128822,-0.020928798,-0.01313134,0.010383234,-0.024037525,-0.11194344,-0.019825453,-0.0048802677,-0.012620459,-0.058617216,29.192196,run_0617
-0.03252168,0.15715106,-0.013607573,0.12986827,-0.19596374,-0.03142236,0.030532878,0.0032357464,-0.0111884,0.24730738,-0.04300173,0.00026065292,0.02802201,0.122244015,29.192196,run_1822
-0.007240994,-0.12826762,0.06398577,0.09221728,0.038897622,-0.009944043,0.015507014,0.009313478,-0.0032292856,0.4070852,-0.03128577,-0.0021375257,-0.029348496,-0.043402534,29.192196,run_1001
0.044363905,-0.15161356,-0.024457334,0.12690876,0.5184759,-0.01514554,0.0023791362,0.0029185098,0.00939315,0.010389139,-0.056006193,-0.0041446947,-0.01550189,0.057427533,29.192196,run_0812
-0.017725062,-0.038829345,-0.060068794,-0.17472102,-0.15109316,-0.02293653,-0.010813846,-0.023642536,-0.031620666,0.22821228,0.047196504,0.0021097017,0.0094558485,-0.08917735,29.192196,run_0846
-0.047828782,-0.08082421,-0.06331293,-0.017992547,-0.45758042,-0.02202948,-0.021433821,-0.021685096,-0.0044845613,0.24866666,-0.049299564,-0.00552111,-0.0044464506,0.028504856,29.192196,run_0294
0.059800703,0.035801414,-0.050369985,-0.204657,0.32927018,-0.012605286,-0.012907404,0.0035302888,-0.013471548,-0.08006931,-0.041871328,0.0010559844,0.020108676,-0.1343744,29.192196,run_0402
-0.035769597,0.06027019,-0.056383695,0.09912901,0.19804873,-0.026162542,-0.0060044667,0.006200665,-0.021847557,-0.2652811,-0.0006896828,0.00027555667,-0.013626605,0.041923948,29.192196,run_0099
-0.03368882,0.18642677,0.07090089,0.21201015,0.18369964,-0.016047336,-0.0059526796,0.0075573144,-0.027687022,0.4302122,-0.021882871,0.0040915445,0.07904588,0.111553036,29.192196,run_1914
-0.03303813,0.030242087,-0.06408526,-0.08754192,0.2686242,0.061723787,0.021253897,-0.028493537,0.013572622,-0.27016264,0.014713267,0.0010742099,-0.011334456,0.097586416,29.192196,run_0251
-0.029527603,-0.11471661,0.028831672,-0.15187977,-0.2950032,-0.027866758,-0.031032018,0.0047912463,-0.028160961,-0.10582398,-0.03579097,0.00070660067,-0.0051270816,-0.08698131,29.192196,run_1020
-0.043292828,0.044926703,0.030861987,-0.21565062,0.25809178,-0.015854431,0.12452792,0.0040988214,-0.007601915,0.23583218,0.004770384,-0.0011423248,-0.014083092,-0.102207966,29.192196,run_0477
-0.03195208,-0.12370308,-0.007975383,-0.024084644,0.081742235,-0.012043442,-0.040963616,0.0013128585,-0.022709321,-0.08667888,0.023933921,-0.0044074073,-0.008183107,-0.010490819,29.192196,run_1749
-0.0097729,-0.1173323,-0.06418746,0.030689146,0.22828706,0.005720388,-0.029623898,0.016092723,0.0008292633,-0.45794538,-0.04871104,-0.0001606275,0.021251656,-0.09722372,29.192196,run_1140
-0.042782374,-0.11784697,0.011062862,-0.008344651,-0.2927645,-0.022213412,-0.039626755,-0.030581588,0.009305685,0.21775664,0.04074887,-0.0060408697,-0.005356729,0.08158858,29.192196,run_1271
-0.01759851,0.17029008,0.02262534,0.11543017,-0.55509096,-0.04431378,-0.018667486,-0.0025803377,0.007761326,-0.35084042,-0.036681287,0.0023203248,-0.009015435,-0.011758928,29.192196,run_0028
-0.04204991,-0.11622171,-0.075963825,0.16094546,-0.45245585,-0.026098745,-0.03930852,0.000479378,-0.006919817,0.37314054,0.021180294,0.00027447197,-0.028892266,0.117707625,29.192196,run_1629
-0.007568026,0.18727623,-0.06751267,0.118120134,-0.4051074,-0.03049218,0.032309536,-0.0041798595,0.008316632,0.34337988,-0.04226626,-0.001552291,-0.025693174,-0.14845309,29.192196,run_1986
0.032958135,-0.14507286,0.034837637,-0.21469687,0.45207655,0.043499142,-0.011590754,-0.0021075357,0.046276934,-0.021784045,-0.045829196,0.00047092084,-0.019850463,0.10231703,29.192196,run_0459
-0.039537866,0.013033649,0.061923906,-0.20798239,-0.14531562,-0.018521067,-0.019366054,0.007360347,-0.008958688,-0.12918779,-0.034346055,-0.004726643,-0.018202858,-0.054134313,29.192196,run_1632
0.052099623,-0.07508088,-0.006963496,-0.0034388045,-0.55386704,-0.015810698,-0.028091786,-0.00590065,-0.004589384,0.030748084,-0.0028643091,-0.0036163933,0.008944517,0.07922562,29.192196,run_0859
-0.044865612,-0.1257755,0.059518375,0.0798694,0.2530897,-0.021030597,-0.03966948,0.004433382,0.0012615079,-0.33510885,0.03165265,0.0058026467,-0.0037940845,-0.11493822,29.192196,run_0010
0.0019538512,-0.16879953,0.067413226,0.15636857,0.5378798,-0.018447576,-0.0016135727,0.007060856,0.008452877,0.019879991,-0.04630376,-0.0059746727,-0.028735518,0.12728257,29.192196,run_1897
0.010021205,0.0477917,0.03136336,-0.006776229,0.09301217,-0.02394996,-0.036194917,-0.0049871863,-0.010893981,-0.23132548,0.04028545,-0.0005466027,0.0054500955,0.08880331,29.192196,run_1373
-0.03745433,-0.05597574,0.022708628,-0.23552701,0.5139591,-0.014047768,-0.026584616,0.006779593,-0.007038862,0.5462369,0.035068356,0.002030542,0.04264359,0.034540795,29.192196,run_1865
0.0387241,-0.12634683,0.0301182,0.15805523,0.5108925,0.016415238,-0.023792397,0.008891986,0.031555228,-0.31255502,0.060905702,0.0020494198,-0.0073316135,0.10925945,29.192196,run_1861
0.03929406,0.06284267,0.050251216,-0.006337795,-0.5984434,0.01183968,0.15121473,-0.008579466,-0.017931094,0.26180968,-0.03455512,-0.0014766102,-0.007674333,0.09925364,29.192196,run_1474
0.046585023,-0.124921285,-0.07023419,0.0076814657,0.47149962,0.030828722,-0.012658498,0.00953359,0.0040533734,0.4724922,0.042558294,0.0052619027,-0.03275133,-0.16229773,29.192196,run_1475
0.04879382,0.03627094,0.06443803,-0.010381318,0.5446999,-0.0043272804,-0.017212424,0.01165116,-0.001583026,0.3486801,-0.026513064,0.005040762,-0.02573406,-0.17138258,29.192196,run_0033
0.003639015,-0.061631672,0.060996864,-0.075676605,0.19206388,-0.019466808,0.10568825,0.009994199,0.0012744414,-0.004545608,0.056268305,0.0027008166,-0.022502929,0.06932127,29.192196,run_0424
0.011043098,-0.087616086,-0.070558965,0.008561047,-0.3351192,-0.015692692,-0.028964367,-0.014685823,-0.01629693,0.08698228,-0.040180117,0.0006099184,0.017534206,-0.07523072,29.192196,run_0699
0.047665417,-0.1651311,0.043883674,-0.16327958,0.5284498,-0.011999987,-0.018314745,0.00082989683,-0.02425971,0.15181357,-0.036388766,-0.0031868697,-0.0074584917,0.10262527,29.192196,run_0900
0.029130045,-0.11134292,0.040350135,-0.04171358,-0.12884642,-0.01464818,-0.0022274454,0.009641227,0.0013463582,-0.28039286,-0.055016235,0.0035062062,-0.010948178,0.0765346,29.192196,run_0833
-0.027859226,0.18528354,-0.008548915,0.14142218,0.3484549,-0.020975964,0.030273832,-0.0055374596,0.031108683,0.12635593,-0.01762577,-0.004128999,-0.032238003,0.12410198,29.192196,run_1732
-0.011818599,-0.056892075,0.052719474,-0.018452,0.25997338,0.007807657,0.16688149,0.006068785,-0.0026279993,-0.53956765,-0.05339104,-0.0031937605,-0.018893708,0.06727019,29.192196,run_1622
-0.019809788,0.10916219,-0.0813535,0.15158276,0.22016679,0.06799382,0.05544733,0.009223552,-0.023752877,0.461965,0.06688684,0.0013155374,-0.051692013,0.11982846,29.192196,run_1947
0.0013582595,0.048380364,0.027221674,-0.18559545,-0.44827002,0.02378463,-0.008625534,0.007188279,0.013997731,-0.19952385,-0.04637777,-0.0045214794,-0.009694785,0.06125136,29.192196,run_1634
0.05019217,-0.13958663,0.030567523,-0.0815858,0.058804132,-0.014935467,-0.019679306,0.00046068642,-0.02378139,0.0314907,-0.04297078,-0.0027777713,-0.00087620673,-0.13033465,29.192196,run_0714
-0.021084674,-0.04158979,0.042049434,-0.1130276,-0.39386043,-0.029618716,-0.037861228,0.0010275615,-0.00151792,-0.42412513,0.03957448,0.0033527175,-0.020649614,0.0701176,29.192196,run_1829
-0.036831383,-0.13604087,0.07090344,-0.15799898,0.5302566,-0.0139722945,-0.019431872,-0.03006352,0.016835716,0.15701999,-0.040022776,-0.0062505244,0.02628882,-0.07787364,29.192196,run_0126
0.0030330466,0.046512946,-0.03781305,0.012545569,-0.18800892,-0.014258485,0.08937447,0.0024591328,-0.014421182,0.22446336,-0.018749384,0.0005375297,-0.013793032,-0.021928752,29.192196,run_0380
0.030953093,0.1235432,0.05751462,0.00069755013,0.09706981,-0.0152311325,-0.009082383,0.0050691,0.0046607833,-0.46721354,-0.039582334,-0.00023224187,0.014213269,-0.10048697,29.192196,run_1638
0.011921465,0.047968,-0.04490523,-0.065381795,0.6018104,-0.00036321912,-0.011387004,-0.027489206,-0.002756912,0.5601268,-0.04045929,-0.006731497,-0.01307061,0.11038675,29.192196,run_1856
0.0088193035,-0.12176119,0.020247616,-0.013752423,-0.35228294,0.07096208,-0.033454444,-0.037129946,-0.00045487186,-0.30743808,-0.02868536,-0.0038965535,0.022362914,0.036849495,29.192196,run_0520
-0.041889075,-0.03908306,0.04440028,-0.023072138,0.37272614,0.011679129,-0.023769166,0.0038783075,-0.011221272,0.157289,-0.027903326,-0.00046553288,-0.009526405,-0.11839169,29.192196,run_0393
0.041308835,-0.11531119,-0.014247387,0.08954371,-0.09982232,-0.027177116,-0.033250827,0.008700441,0.0041081556,-0.2490573,0.043764822,-0.0012741373,-0.005934725,-0.007920448,29.192196,run_1540
-0.018055638,-0.03953551,-0.06312353,0.0011093356,-0.17905037,0.05746035,-0.058073793,0.0062315906,-0.0059033437,-0.39337683,0.038903754,-0.0011191586,0.048226357,-0.07184773,29.192196,run_0355
0.04082596,0.017300202,0.048932794,0.07040018,0.025243595,0.0027745387,0.0524821,-0.0006374475,-0.023123229,-0.21787606,-0.060163785,0.0010892741,-0.011944669,-0.11522054,29.192196,run_1653
0.009634116,0.1794394,0.04988169,-0.15475978,0.523528,-0.012055417,-0.0066373665,0.0043402147,0.004114526,0.1653392,-0.03878809,-0.001851611,-0.010542743,-0.05415503,29.192196,run_1781
-0.03295473,-0.0033406569,0.0504391,0.1517364,-0.62398726,0.114585504,0.005983924,-0.012248027,-0.009108706,0.22654417,-0.03113909,-0.004794758,-0.011174254,0.09266971,29.192196,run_0488
-0.038846232,-0.0029554004,0.04758244,-0.1922803,0.28616443,-0.012536505,-0.024657845,0.0032351802,-0.010793841,-0.49240828,0.016201407,0.0020687731,-0.018720321,-0.07525745,29.192196,run_0592
-0.03391366,0.11762992,0.03476093,-0.17435567,-0.14142263,-0.026512435,-0.030145539,0.00797964,-0.006735342,-0.49092415,0.03607443,-7.5335774e-06,0.030802367,0.0856121,29.192196,run_0831
0.040285945,-0.14969823,-0.091321126,-0.012711174,0.022284517,0.040402927,-0.019759512,0.009047235,0.00037297863,-0.014400003,-0.024445415,-0.004198538,-0.009000216,0.099763036,29.192196,run_0307
-0.039982922,-0.048418052,-0.053476926,0.08532318,-0.43528703,-0.011147925,0.011230456,-0.012051727,-0.006752669,0.333543,0.020102909,0.0021449411,0.039063275,0.10334262,29.192196,run_1342
-0.06354747,0.031539235,0.06481119,-0.20884244,0.55509853,0.015677879,-0.0168847,0.0078816535,0.0324404,0.50049156,0.008660482,0.0026427656,-0.02613452,-0.07642695,29.192196,run_1403
0.033104118,-0.04311157,-0.06637122,0.15020463,-0.47452724,0.02207843,-0.008649495,-0.0029094159,0.01221712,0.28363177,-0.021939022,-0.0043131383,-0.011652986,0.033761952,29.192196,run_0819
-0.04322717,-0.065785155,-0.051501717,0.089923576,-0.39337063,0.05001698,-0.024551334,0.0050551067,0.0011110081,-0.2338451,-0.054357596,-0.00013271396,0.018894402,-0.14618942,29.192196,run_0430
0.03567956,0.04086722,-0.05035119,-0.23141469,0.47426268,-0.0077152485,0.12868057,-0.0007559896,-0.022900501,-0.09594916,-0.041101795,0.0011857654,-0.014025631,0.08182744,29.192196,run_0760
0.014119024,-0.12739173,-0.08052888,-0.04041651,-0.13818753,0.02140191,0.11375896,-0.028332967,0.027815845,0.07525272,0.04635989,-5.8403675e-05,-0.012689587,0.071491785,29.192196,run_1330
-0.038803447,-0.06851312,-0.07740591,-0.020506434,0.08474033,-0.0183108,-0.0005251331,0.010703601,-0.0052022366,0.28642932,-0.044995736,0.0021896611,-0.018718649,0.13113864,29.192196,run_1942
0.032680787,-0.11716679,0.036965307,0.032776315,0.38938302,-0.014021729,-0.016482791,0.008089749,0.017754016,-0.20696443,-0.03999893,-0.004530187,-0.00036955817,-0.037655205,29.192196,run_1886
-0.02330157,0.14862514,-0.0753041,0.025378697,0.07701586,-0.012346515,-0.022193944,0.008754654,-0.0015147353,-0.167735,-0.031398047,0.010220093,-0.005781386,0.027978644,29.192196,run_1424
0.009903436,0.18079989,0.02204151,-0.06505476,0.040492546,-0.013017813,-0.021088073,0.0029258227,0.034415,0.41798186,-0.012184664,0.0014567088,0.08305517,0.02828854,29.192196,run_0396
0.006412099,0.065511905,-0.07757763,-0.0017342751,0.3012395,0.01264869,-0.03142651,-0.024988128,0.013297933,-0.008678816,0.027271777,0.0018672871,-0.017581163,0.012284353,29.192196,run_0252
0.027177818,0.15892074,-0.020565113,-0.025026249,0.08788382,-0.010268863,-0.017697558,0.008713318,0.013457962,-0.2979665,0.009457891,-0.0046236087,-0.011316569,-0.0493554,29.192196,run_0323
-0.006551046,0.08045798,0.03921808,0.13878594,0.48565844,-0.009612934,-0.014654159,-0.031915285,-0.02459959,-0.6203026,-0.033089824,-0.0052027195,0.0031776992,0.12720579,29.192196,run_1045
-0.042390198,0.041310932,0.012334268,0.029334912,0.31827348,-0.015441814,-0.009941984,-0.0010919295,-0.0035390127,-0.111007765,0.04919465,0.0034996117,-0.022356208,0.033187438,29.192196,run_0693
-0.00015418247,0.1168045,-0.034097683,-0.09783934,0.39276406,0.014185237,-0.01756698,-0.010947543,0.017686151,-0.4342795,-0.01409665,0.0014172634,-0.005863358,-0.02037246,29.192196,run_0314
0.0056744516,-0.0463857,0.026777266,-0.18710956,-0.60434353,-0.023241252,-0.02990233,-0.033693444,-0.012919524,-0.2547378,-0.039180472,-0.0070366533,-0.09240588,-0.07556507,29.192196,run_0501
-0.026387155,0.15260491,-0.067675725,0.15322784,-0.6795322,-0.03507401,-0.028973745,0.008397097,-0.0014752031,0.3477292,0.018346611,-0.0007098561,-0.016574498,0.025014833,29.192196,run_0079
-0.035324357,-0.07644836,0.070525706,-0.10058978,0.31757003,0.017723162,-0.01322417,0.0074357716,-0.028709976,0.1319869,-0.053244617,0.0012387168,-0.012284006,0.0077170073,29.192196,run_0702
-0.00051209773,-0.043129403,-0.040393405,-0.011367917,-0.16380668,-0.020172602,-0.028075807,-0.0045471075,0.005945886,-0.12091837,-0.0061664972,0.0015556478,-0.0031938246,0.004403791,29.192196,run_1415
-0.010298362,-0.12574665,-0.042706918,0.019059325,-0.38098043,-0.027698345,-0.02487171,0.010419419,0.0011776214,-0.0031733944,-0.041284267,0.0008144686,-0.0055843885,-0.095017575,29.192196,run_1823
0.008603649,-0.050063904,-0.028579488,-0.06936854,0.27284428,-0.013752966,0.09107372,0.012663435,-0.023181,0.026889823,0.062052112,0.0021766687,-0.007507004,-0.10440874,29.192196,run_1934
0.04746238,-0.08757222,0.06614526,-0.1739897,-0.15211411,0.018664714,-0.026487827,0.0061869924,-0.028998958,-0.23963621,-0.03715511,-0.0028616195,-0.004660666,-0.11540806,29.192196,run_0576
-0.000518652,-0.12715808,0.07212295,0.09547174,0.13924341,-0.017575456,-0.0018691639,0.007690343,-0.017382761,0.3286993,-0.05570076,-0.00048676247,-0.026580269,-0.009918439,29.192196,run_1615
0.0027321624,0.02735298,0.05700745,-0.043558042,0.12425906,0.015367924,-0.018959848,-0.00072009384,-0.006996154,0.1356177,-0.0027910816,-0.00011731297,-0.014356896,0.01601263,29.192196,run_1056
0.024214791,0.14465113,-0.06700193,-0.005409582,0.3994901,-0.015806582,0.04897326,0.0077565126,0.020669619,-0.58917904,-0.01211306,-0.006476564,0.019304853,0.08888484,29.192196,run_0100
0.0489698,-0.058338556,-0.0106756855,0.055444524,0.19837247,0.013544748,-0.036678508,-0.0019563148,0.0026045654,-0.5022897,-0.024092026,-0.002413262,-0.010556818,-0.08135656,29.192196,run_1571
0.025008025,-0.10383129,-0.05042807,0.020407736,-0.39350423,-0.031389106,-0.02247287,0.008400948,-0.0045675933,-0.2945118,-0.052377556,0.0023782388,-0.011582557,0.05729838,29.192196,run_0938
-0.017224586,-0.11422691,-0.038650364,0.054333102,0.20433757,-0.027784891,0.090889566,0.0073947813,-0.0011134823,-0.43576172,-0.057006713,-0.0033223163,-0.015010081,-0.116410784,29.192196,run_1637
0.01848436,-0.14987487,-0.07350063,-0.14137782,0.43721154,0.011760178,0.0058545973,-0.014418344,0.027049378,0.010188073,-0.036072753,0.00030393928,-0.013252785,-0.0945254,29.192196,run_0052
0.046039853,-0.11144532,-0.07556068,-0.17132573,-0.14518775,-0.01967345,0.08022757,-0.026354928,-0.0068952916,-0.091948435,-0.08867517,0.0031205267,0.0053955535,0.032038864,29.192196,run_1945
-0.030016946,-0.12245904,-0.061537396,0.017885042,-0.64824736,0.03606289,-0.030512268,-0.03547516,0.03606436,0.22354639,-0.043749567,-0.008019656,-0.0005539642,0.08736056,29.192196,run_0142
0.0016250598,0.05943606,0.012107045,0.07510397,0.058875073,0.021678528,-0.017628565,0.0019859946,0.013267849,-0.14869471,-0.037749797,0.0032726328,-0.015414059,-0.10623416,29.192196,run_1711
0.0080980845,0.045230843,0.05819934,-0.18059966,0.4420142,-0.010222702,-0.0034117412,0.0071420884,0.01220558,-0.6548497,0.055312168,0.0037507492,-0.0075509795,-0.002723159,29.192196,run_1465
0.00011196658,0.15788157,-0.06949125,0.124891855,-0.1822876,0.02104746,-0.031367477,0.008253772,0.008831546,0.22520474,0.040801156,0.0010425454,-0.02626559,-0.13138989,29.192196,run_0158
-0.0073642936,-0.017711379,-0.06953372,0.10115137,0.26897806,0.020932607,-0.007979754,0.00951535,0.015471644,-0.19032332,-0.04273825,0.0012863406,-0.020694798,-0.08144422,29.192196,run_0375
-0.027123312,-0.10129065,0.037803777,-0.05107344,-0.14880155,-0.022645505,-0.030127836,0.009107791,-0.007439058,0.31097186,-0.0044611054,-0.00032968557,-0.0055048782,-0.084290035,29.192196,run_1798
-0.028206287,0.22113918,0.048967782,0.18891041,0.5728703,-0.0123616895,-0.0102669215,0.008036547,0.018585598,0.3684022,-0.01463177,-0.0029648654,-0.031993985,0.13589986,29.192196,run_0241
0.042104978,-0.08230205,0.007595869,-0.04210269,-0.0051640067,-0.012590534,-0.014653752,0.0002657657,0.011283606,0.026767263,-0.036548458,-0.0033323767,0.04342886,0.029675491,29.192196,run_1812
0.012676117,0.13352889,0.054324545,0.07494462,-0.40998623,0.12380791,-0.019797627,0.0076341648,-0.022728175,-0.16026025,-0.027702346,-0.0047319746,0.0043381904,-0.1342952,29.192196,run_1559
0.0013361711,0.20076522,-0.06186834,-0.22173433,0.5427389,0.012951581,-0.014063287,-0.014157789,0.0056470637,-0.10671693,0.017218966,-0.0046677883,-0.009791221,0.033345513,29.192196,run_1528
0.03761488,0.032867365,-0.052597146,0.118527114,-0.45159668,0.015634662,0.13568908,0.008754502,-0.01966727,0.22315289,-0.06531859,-0.00065665477,-0.016996661,-0.024879277,29.192196,run_1389
-0.019875828,-0.13811813,-0.041392185,-0.02280771,0.07733522,0.029477794,-0.029122993,0.0053905533,-0.007397884,-0.071481325,-0.028286599,-0.0033476315,0.0017122604,-0.11968328,29.192196,run_1548
0.019220136,0.13900506,0.008976152,-0.13445236,-0.6589978,0.078164354,-0.03012228,0.011401816,0.0039400645,0.2910606,0.015474221,0.0016164284,0.005361525,-0.05981076,29.192196,run_0138
